"BVA530"
104.90000000000002
105.1
104.81115655362153
104.75750388688768
104.50000000000001
104.45367805735607
104.40632216661163
104.23461983218579
104.46537645710224
104.60980818057784
104.60037742187366
104.59465963184225
104.45381065972904
104.39999999999998
104.44202084499037
104.71906497456415
104.9
105.12340677667218
105.10048055848657
105.09994678329501
105.1026632489025
105.13253298486912
105.19759319703462
105.20787600818181
105.42760945282562
105.2948690638249
105.17070662373781
105.49074734647718
105.30000000000001
105.53693387988469
105.50054406779034
105.50801523704466
105.36675563584372
105.81502264306468
105.36055012487513
105.4134604325258
105.56962135361547
105.7033355999325
105.74908553345811
106.00373881122933
106.20000000000002
106.385146053862
106.70927013910907
106.8555765447146
107.35598738817038
107.93907980355831
108.69939966818656
109.59899356227915
110.48811883737437
111.42738234759963
112.5620692065313
112.60323505011183
111.9
110.01696800487417
107.58721126016846
104.92303761527333
103.66615361178754
102.267588006991
100.50575734263634
99.1001089598062
99.01689892201281
98.58756883484826
98.2324497730996
97.00444901120792
94.6